0 0 0 0
10 255 255 100
11 255 255 100
12 255 255 0
20 170 240 240
30 220 240 100
40 200 200 100
50 0 100 0
60 0 160 0
61 0 160 0
62 170 200 0
70 0 60 0
71 0 60 0
72 0 80 0
80 40 80 0
81 40 80 0
82 40 100 0
90 120 130 0
100 140 160 0
110 190 150 0
120 150 100 0
121 120 75 0
122 150 100 0
130 255 180 50
140 255 220 210
150 255 235 175
151 255 200 100
152 255 210 120
153 255 235 175
160 0 120 90
170 0 150 120
180 0 220 130
190 195 20 0
200 255 245 215
201 220 220 220
202 255 245 215
210 0 70 200
220 255 255 255
nv 0 0 0 0
