2029.6429443359375 122 4 3 255 2030
2021.44674289062504613 136 8 2 255 2021
2013.25054144531259226 152 14 1 255 2013
2005.05434000000013839 167 20 1 255 2005
1996.85855655761724847 180 27 1 255 1997
1988.6623551123047946 193 35 2 255 1989
1980.46615366699234073 204 43 4 255 1980
1972.26995222167965949 214 53 6 255 1972
1964.07375077636720562 223 63 8 255 1964
1955.87754933105475175 231 73 12 255 1956
1947.68176588867186183 237 86 16 255 1948
1939.48556444335940796 243 100 21 255 1939
1931.28936299804695409 248 115 28 255 1931
1923.09316155273427285 251 130 34 255 1923
1914.89696010742181898 254 145 41 255 1915
1906.7007586621093651 254 159 47 255 1907
1898.50497521972647519 253 173 52 255 1899
1890.30877377441402132 251 185 56 255 1890
1882.11257232910156745 246 196 58 255 1882
1873.91637088378911358 239 206 58 255 1874
1865.72016943847665971 230 216 57 255 1866
1857.52396799316397846 220 225 55 255 1858
1849.32776654785152459 209 233 53 255 1849
1841.13198310546863468 197 240 52 255 1841
1832.93578166015618081 184 246 53 255 1833
1824.73958021484372694 171 251 56 255 1825
1816.54337876953127306 157 254 64 255 1817
1808.34717732421881919 141 255 74 255 1808
1800.15097587890613795 123 254 88 255 1800
1791.95519243652347541 103 253 104 255 1792
1783.75899099121102154 83 250 120 255 1784
1775.56278954589834029 65 246 137 255 1776
1767.36658810058588642 48 241 154 255 1767
1759.17038665527343255 35 235 169 255 1759
1750.97418520996097868 27 229 181 255 1751
1742.77798376464852481 24 221 193 255 1743
1734.5822003222656349 26 212 207 255 1735
1726.38599887695318102 31 202 220 255 1726
1718.18979743164072715 38 191 232 255 1718
1709.99359598632804591 47 178 244 255 1710
1701.79739454101559204 56 166 251 255 1702
1693.60119309570313817 64 153 255 255 1694
1685.40540965332024825 69 141 253 255 1685
1677.20920820800779438 70 128 246 255 1677
1669.01300676269534051 71 115 235 255 1669
1660.81680531738288664 70 102 221 255 1661
1652.62068747265630009 69 89 203 255 1653
1644.42456962792971353 66 75 181 255 1644
1636.22840998291007963 63 62 156 255 1636
1628.03229213818349308 59 47 128 255 1628
1619.83613249316408655 54 33 95 255 1620
1611.6400146484375 48 18 59 255 1612
nv 0 0 0 0
